[gd_scene format=3 uid="uid://usyx6e5w7wum"]

[ext_resource type="PackedScene" uid="uid://chr6pm7ppewcy" path="res://assets/characters/models/Mage.glb" id="1_5qjo0"]
[ext_resource type="AnimationLibrary" uid="uid://ruelgqyqj7re" path="res://assets/characters/animations/Player.res" id="2_3b6q8"]

[sub_resource type="Animation" id="Animation_jycnx"]
length = 0.001
tracks/0/type = "position_3d"
tracks/0/imported = false
tracks/0/enabled = true
tracks/0/path = NodePath("Rig_Medium/Skeleton3D:hips")
tracks/0/interp = 1
tracks/0/loop_wrap = true
tracks/0/keys = PackedFloat32Array(0, 1, 0, 0, 0)

[sub_resource type="AnimationLibrary" id="AnimationLibrary_red3i"]
_data = {
&"RESET": SubResource("Animation_jycnx")
}

[sub_resource type="AnimationNodeAnimation" id="AnimationNodeAnimation_qsuma"]
animation = &"Player/Melee_1H_Attack_Chop"

[sub_resource type="AnimationNodeAnimation" id="AnimationNodeAnimation_jycnx"]
animation = &"Player/Ranged_Magic_Summon"

[sub_resource type="AnimationNodeAnimation" id="AnimationNodeAnimation_6eh03"]
animation = &"Player/Hit_A"

[sub_resource type="AnimationNodeAnimation" id="AnimationNodeAnimation_5d3jq"]
animation = &"Player/Idle_A"

[sub_resource type="AnimationNodeAnimation" id="AnimationNodeAnimation_u2yj3"]
animation = &"Player/Running_B"

[sub_resource type="AnimationNodeStateMachineTransition" id="AnimationNodeStateMachineTransition_wynl5"]
advance_mode = 2

[sub_resource type="AnimationNodeStateMachineTransition" id="AnimationNodeStateMachineTransition_3lpjr"]
xfade_time = 0.1

[sub_resource type="AnimationNodeStateMachineTransition" id="AnimationNodeStateMachineTransition_aui4j"]
xfade_time = 0.1

[sub_resource type="AnimationNodeStateMachineTransition" id="AnimationNodeStateMachineTransition_5d3jq"]
xfade_time = 0.2

[sub_resource type="AnimationNodeStateMachineTransition" id="AnimationNodeStateMachineTransition_u2yj3"]
xfade_time = 0.2

[sub_resource type="AnimationNodeStateMachineTransition" id="AnimationNodeStateMachineTransition_negsq"]
xfade_time = 0.1

[sub_resource type="AnimationNodeStateMachineTransition" id="AnimationNodeStateMachineTransition_gr3v8"]
xfade_time = 0.2

[sub_resource type="AnimationNodeStateMachineTransition" id="AnimationNodeStateMachineTransition_l6bre"]
xfade_time = 0.2

[sub_resource type="AnimationNodeStateMachineTransition" id="AnimationNodeStateMachineTransition_gycpr"]
xfade_time = 0.2

[sub_resource type="AnimationNodeStateMachineTransition" id="AnimationNodeStateMachineTransition_cx1kw"]
xfade_time = 0.1

[sub_resource type="AnimationNodeStateMachineTransition" id="AnimationNodeStateMachineTransition_lmovb"]
xfade_time = 0.1

[sub_resource type="AnimationNodeStateMachineTransition" id="AnimationNodeStateMachineTransition_rj24g"]
xfade_time = 0.2

[sub_resource type="AnimationNodeStateMachineTransition" id="AnimationNodeStateMachineTransition_5s71d"]
xfade_time = 0.2

[sub_resource type="AnimationNodeStateMachine" id="AnimationNodeStateMachine_negsq"]
states/Attack/node = SubResource("AnimationNodeAnimation_qsuma")
states/Attack/position = Vector2(442.0625, 221)
states/Cast/node = SubResource("AnimationNodeAnimation_jycnx")
states/Cast/position = Vector2(314.29724, -51.137787)
states/Flinch/node = SubResource("AnimationNodeAnimation_6eh03")
states/Flinch/position = Vector2(499.625, -51.10334)
states/Idle/node = SubResource("AnimationNodeAnimation_5d3jq")
states/Idle/position = Vector2(368.5, 99.875)
states/Move/node = SubResource("AnimationNodeAnimation_u2yj3")
states/Move/position = Vector2(549.5, 100.1875)
states/Start/position = Vector2(168.5, 100.375)
transitions = ["Start", "Idle", SubResource("AnimationNodeStateMachineTransition_wynl5"), "Idle", "Move", SubResource("AnimationNodeStateMachineTransition_3lpjr"), "Move", "Idle", SubResource("AnimationNodeStateMachineTransition_aui4j"), "Idle", "Attack", SubResource("AnimationNodeStateMachineTransition_5d3jq"), "Attack", "Idle", SubResource("AnimationNodeStateMachineTransition_u2yj3"), "Idle", "Cast", SubResource("AnimationNodeStateMachineTransition_negsq"), "Cast", "Idle", SubResource("AnimationNodeStateMachineTransition_gr3v8"), "Idle", "Flinch", SubResource("AnimationNodeStateMachineTransition_l6bre"), "Flinch", "Idle", SubResource("AnimationNodeStateMachineTransition_gycpr"), "Move", "Flinch", SubResource("AnimationNodeStateMachineTransition_cx1kw"), "Flinch", "Move", SubResource("AnimationNodeStateMachineTransition_lmovb"), "Cast", "Flinch", SubResource("AnimationNodeStateMachineTransition_rj24g"), "Flinch", "Cast", SubResource("AnimationNodeStateMachineTransition_5s71d")]
graph_offset = Vector2(133.29721, -119.13779)

[sub_resource type="AnimationNodeBlendTree" id="AnimationNodeBlendTree_mnynf"]
nodes/StateMachine/node = SubResource("AnimationNodeStateMachine_negsq")
nodes/StateMachine/position = Vector2(30, 80)
node_connections = [&"output", 0, &"StateMachine"]

[node name="Mage" unique_id=1950810086 instance=ExtResource("1_5qjo0")]

[node name="Skeleton3D" parent="Rig_Medium" parent_id_path=PackedInt32Array(1656272776) index="0" unique_id=1274049096]
bones/1/position = Vector3(0, 0, 0)
bones/1/rotation = Quaternion(0.004667972, 0.043157276, 0.00020165074, 0.9990574)
bones/1/scale = Vector3(0.99999994, 1, 0.99999994)
bones/2/position = Vector3(-0.17094508, 0.11358732, 1.557549e-08)
bones/2/rotation = Quaternion(0.99507374, -0.031136518, 0.030982504, 0.08887606)
bones/2/scale = Vector3(0.9999999, 0.99999976, 1.0000008)
bones/3/rotation = Quaternion(0.3432335, -6.224395e-08, 2.3903948e-07, 0.9392501)
bones/3/scale = Vector3(0.99999994, 0.99999976, 0.99999994)
bones/4/rotation = Quaternion(-0.5970975, 0.11390669, -0.014666945, 0.79390484)
bones/4/scale = Vector3(0.99999976, 1.0000006, 0.9999992)
bones/5/rotation = Quaternion(-8.934892e-05, 0.9202217, -0.3913977, 2.0290998e-05)
bones/5/scale = Vector3(1.0000002, 0.9999979, 1.0000024)
bones/6/rotation = Quaternion(0.012502484, 2.0786801e-09, 0.0010821872, 0.9999213)
bones/6/scale = Vector3(1.0000001, 1, 1.0000001)
bones/7/rotation = Quaternion(-0.0060569393, 3.9926253e-09, -0.0005242749, 0.9999815)
bones/7/scale = Vector3(1, 0.9999999, 1)
bones/8/position = Vector3(0.21200737, 0.13413215, 8.216504e-08)
bones/8/rotation = Quaternion(-0.53960085, -0.10208801, -0.7628106, 0.34136358)
bones/8/scale = Vector3(0.9999993, 0.99999905, 0.9999998)
bones/9/rotation = Quaternion(1.0240518e-09, -6.235159e-08, -0.3787232, 0.92551005)
bones/9/scale = Vector3(1.0000004, 0.9999998, 1)
bones/10/rotation = Quaternion(1.514567e-08, -7.3584383e-09, 0.0266581, 0.99964464)
bones/10/scale = Vector3(1.0000001, 1, 1)
bones/11/rotation = Quaternion(-0.22022386, -0.3431745, 0.17795734, 0.8955803)
bones/11/scale = Vector3(0.99999976, 1.0000001, 1.0000004)
bones/12/position = Vector3(5.138494e-10, 0.096125126, -0.057500005)
bones/12/rotation = Quaternion(0.0024707583, 0.0024707587, -0.6979756, 0.71611315)
bones/12/scale = Vector3(1, 1, 1)
bones/13/rotation = Quaternion(-0.01495653, -0.03133823, -0.000823377, 0.9993967)
bones/13/scale = Vector3(0.99999994, 1, 1)
bones/14/position = Vector3(-0.21200736, 0.13413227, 8.62731e-08)
bones/14/rotation = Quaternion(-0.5659212, 0.032533713, 0.7275701, 0.38641512)
bones/14/scale = Vector3(0.9999992, 0.9999988, 0.9999998)
bones/15/rotation = Quaternion(3.029233e-08, 3.3585497e-08, 0.39165822, 0.92011076)
bones/15/scale = Vector3(1.0000004, 0.99999976, 1.0000001)
bones/16/rotation = Quaternion(2.249753e-10, 6.8246844e-09, -0.026658092, 0.99964464)
bones/16/scale = Vector3(0.99999994, 0.99999994, 1)
bones/17/rotation = Quaternion(-0.21069627, 0.37956873, -0.13143902, 0.8912118)
bones/17/scale = Vector3(0.9999995, 0.99999994, 1.0000005)
bones/18/position = Vector3(-1.5415026e-08, 0.096125185, -0.057500005)
bones/18/rotation = Quaternion(0.0024707576, -0.0024707597, 0.6979756, 0.71611315)
bones/18/scale = Vector3(1, 1.0000001, 1.0000001)
bones/19/position = Vector3(0.17094508, 0.1135872, 1.5994095e-08)
bones/19/rotation = Quaternion(0.9892812, 0.0576117, 0.071418725, 0.11359227)
bones/19/scale = Vector3(0.9999999, 0.9999997, 1.0000008)
bones/20/rotation = Quaternion(0.33273718, 6.145996e-08, -2.2805716e-07, 0.9430196)
bones/20/scale = Vector3(1.0000004, 0.99999994, 1.0000001)
bones/21/rotation = Quaternion(-0.5686543, -0.112163305, 0.048510656, 0.8134485)
bones/21/scale = Vector3(1.0000004, 1.0000007, 0.9999993)
bones/22/rotation = Quaternion(-9.911922e-07, 0.9202346, -0.39136732, 2.7809486e-07)
bones/22/scale = Vector3(1.0000001, 0.9999975, 1.0000027)

[node name="Head" type="BoneAttachment3D" parent="Rig_Medium/Skeleton3D" index="8" unique_id=1431570922]
transform = Transform3D(-0.0002621035, 0.26319405, 0.9647429, 0.99963385, -0.02601022, 0.0073681218, 0.027032768, 0.96439165, -0.26309106, 0.4256206, 0.53234816, 0.08515516)
bone_name = "head"
bone_idx = 12

[node name="position" type="Node3D" parent="Rig_Medium/Skeleton3D/Head" index="0" unique_id=1390926541]
transform = Transform3D(0.9999992, -0.00033621024, 0.00010403199, 0.00033625867, 0.99999976, 2.4437904e-05, -0.0001041065, -2.4348497e-05, 0.99999976, 0.593877, -0.017271578, -0.40845466)

[node name="LeftArm" type="BoneAttachment3D" parent="Rig_Medium/Skeleton3D" index="9" unique_id=132838424]
transform = Transform3D(-0.13378917, -0.6305122, -0.76456136, 0.5440568, -0.6915684, 0.47511446, -0.82831234, -0.35239956, 0.43555945, -0.21121761, 1.084414, 0.0359743)
bone_name = "lowerarm.l"
bone_idx = 14

[node name="position" type="Node3D" parent="Rig_Medium/Skeleton3D/LeftArm" index="0" unique_id=276002761]
transform = Transform3D(0.31217706, -0.9500241, -6.920099e-05, 0.9500237, 0.31217736, 0.00078988075, -0.000728637, -0.00031211972, 1.0000002, -0.1774827, -0.25815845, -0.5329541)

[node name="LeftHand" type="BoneAttachment3D" parent="Rig_Medium/Skeleton3D" index="10" unique_id=1312212756]
transform = Transform3D(0.26318723, 0.00027105212, 0.9647448, -0.00036233664, -0.99999917, 0.00038042665, 0.9647441, -0.00045002997, -0.2631871, 0.48106736, 0.6284951, 0.070065156)
bone_name = "hand.l"
bone_idx = 11

[node name="position" type="Node3D" parent="Rig_Medium/Skeleton3D/LeftHand" index="0" unique_id=786286932]
transform = Transform3D(0.99999946, 0.0005281135, 0.0005813837, -0.0005286358, 1, 0.00043396602, -0.00058177114, -0.00043362513, 0.99999964, 0.15249217, 0.04850447, -0.02717638)

[node name="RightHand" type="BoneAttachment3D" parent="Rig_Medium/Skeleton3D" index="11" unique_id=1307965285]
transform = Transform3D(0.26273632, 0.00037792325, -0.9648678, -6.240606e-05, -0.9999988, -0.00040757656, -0.96486676, 0.00016701221, -0.26273614, -0.47958633, 0.6257646, 0.06519324)
bone_name = "hand.r"
bone_idx = 17

[node name="position" type="Node3D" parent="Rig_Medium/Skeleton3D/RightHand" index="0" unique_id=1480708578]
transform = Transform3D(0.34110036, -0.94002575, -0.0014894307, 0.9400269, 0.34109998, 0.00045122535, 8.4102154e-05, -0.0015538484, 0.9999987, 0.03355454, 0.076984465, 0.008991212)

[node name="AnimationPlayer" type="AnimationPlayer" parent="." index="1" unique_id=1745765073]
libraries/ = SubResource("AnimationLibrary_red3i")
libraries/Player = ExtResource("2_3b6q8")

[node name="AnimationTree" type="AnimationTree" parent="." index="2" unique_id=571672583]
tree_root = SubResource("AnimationNodeBlendTree_mnynf")
anim_player = NodePath("../AnimationPlayer")
