[gd_scene format=3 uid="uid://80ntpdnaq0t8"]

[ext_resource type="PackedScene" uid="uid://cxyotahvrutj4" path="res://assets/characters/models/Knight.glb" id="1_0pqnw"]
[ext_resource type="AnimationLibrary" uid="uid://ruelgqyqj7re" path="res://assets/characters/animations/Player.res" id="2_gx5pt"]

[sub_resource type="Animation" id="Animation_jycnx"]
length = 0.001
tracks/0/type = "position_3d"
tracks/0/imported = false
tracks/0/enabled = true
tracks/0/path = NodePath("Rig_Medium/Skeleton3D:hips")
tracks/0/interp = 1
tracks/0/loop_wrap = true
tracks/0/keys = PackedFloat32Array(0, 1, 0, 0, 0)

[sub_resource type="AnimationLibrary" id="AnimationLibrary_404gc"]
_data = {
&"RESET": SubResource("Animation_jycnx")
}

[sub_resource type="AnimationNodeAnimation" id="AnimationNodeAnimation_qsuma"]
animation = &"Player/Melee_1H_Attack_Chop"

[sub_resource type="AnimationNodeAnimation" id="AnimationNodeAnimation_jycnx"]
animation = &"Player/Ranged_Magic_Summon"

[sub_resource type="AnimationNodeAnimation" id="AnimationNodeAnimation_6eh03"]
animation = &"Player/Hit_A"

[sub_resource type="AnimationNodeAnimation" id="AnimationNodeAnimation_5d3jq"]
animation = &"Player/Idle_A"

[sub_resource type="AnimationNodeAnimation" id="AnimationNodeAnimation_u2yj3"]
animation = &"Player/Running_B"

[sub_resource type="AnimationNodeStateMachineTransition" id="AnimationNodeStateMachineTransition_wynl5"]
advance_mode = 2

[sub_resource type="AnimationNodeStateMachineTransition" id="AnimationNodeStateMachineTransition_3lpjr"]
xfade_time = 0.1

[sub_resource type="AnimationNodeStateMachineTransition" id="AnimationNodeStateMachineTransition_aui4j"]
xfade_time = 0.1

[sub_resource type="AnimationNodeStateMachineTransition" id="AnimationNodeStateMachineTransition_5d3jq"]
xfade_time = 0.2

[sub_resource type="AnimationNodeStateMachineTransition" id="AnimationNodeStateMachineTransition_u2yj3"]
xfade_time = 0.2

[sub_resource type="AnimationNodeStateMachineTransition" id="AnimationNodeStateMachineTransition_negsq"]
xfade_time = 0.1

[sub_resource type="AnimationNodeStateMachineTransition" id="AnimationNodeStateMachineTransition_gr3v8"]
xfade_time = 0.2

[sub_resource type="AnimationNodeStateMachineTransition" id="AnimationNodeStateMachineTransition_l6bre"]
xfade_time = 0.2

[sub_resource type="AnimationNodeStateMachineTransition" id="AnimationNodeStateMachineTransition_gycpr"]
xfade_time = 0.2

[sub_resource type="AnimationNodeStateMachineTransition" id="AnimationNodeStateMachineTransition_cx1kw"]
xfade_time = 0.1

[sub_resource type="AnimationNodeStateMachineTransition" id="AnimationNodeStateMachineTransition_lmovb"]
xfade_time = 0.1

[sub_resource type="AnimationNodeStateMachineTransition" id="AnimationNodeStateMachineTransition_rj24g"]
xfade_time = 0.2

[sub_resource type="AnimationNodeStateMachineTransition" id="AnimationNodeStateMachineTransition_5s71d"]
xfade_time = 0.2

[sub_resource type="AnimationNodeStateMachine" id="AnimationNodeStateMachine_negsq"]
states/Attack/node = SubResource("AnimationNodeAnimation_qsuma")
states/Attack/position = Vector2(442.0625, 221)
states/Cast/node = SubResource("AnimationNodeAnimation_jycnx")
states/Cast/position = Vector2(314.29724, -51.137787)
states/Flinch/node = SubResource("AnimationNodeAnimation_6eh03")
states/Flinch/position = Vector2(499.625, -51.10334)
states/Idle/node = SubResource("AnimationNodeAnimation_5d3jq")
states/Idle/position = Vector2(368.5, 99.875)
states/Move/node = SubResource("AnimationNodeAnimation_u2yj3")
states/Move/position = Vector2(549.5, 100.1875)
states/Start/position = Vector2(171, 99.9375)
transitions = ["Start", "Idle", SubResource("AnimationNodeStateMachineTransition_wynl5"), "Idle", "Move", SubResource("AnimationNodeStateMachineTransition_3lpjr"), "Move", "Idle", SubResource("AnimationNodeStateMachineTransition_aui4j"), "Idle", "Attack", SubResource("AnimationNodeStateMachineTransition_5d3jq"), "Attack", "Idle", SubResource("AnimationNodeStateMachineTransition_u2yj3"), "Idle", "Cast", SubResource("AnimationNodeStateMachineTransition_negsq"), "Cast", "Idle", SubResource("AnimationNodeStateMachineTransition_gr3v8"), "Idle", "Flinch", SubResource("AnimationNodeStateMachineTransition_l6bre"), "Flinch", "Idle", SubResource("AnimationNodeStateMachineTransition_gycpr"), "Move", "Flinch", SubResource("AnimationNodeStateMachineTransition_cx1kw"), "Flinch", "Move", SubResource("AnimationNodeStateMachineTransition_lmovb"), "Cast", "Flinch", SubResource("AnimationNodeStateMachineTransition_rj24g"), "Flinch", "Cast", SubResource("AnimationNodeStateMachineTransition_5s71d")]
graph_offset = Vector2(94.29721, -1.1377869)

[sub_resource type="AnimationNodeBlendTree" id="AnimationNodeBlendTree_eb2ou"]
nodes/StateMachine/node = SubResource("AnimationNodeStateMachine_negsq")
nodes/StateMachine/position = Vector2(30, 80)
node_connections = [&"output", 0, &"StateMachine"]

[node name="Knight" unique_id=1783197151 instance=ExtResource("1_0pqnw")]

[node name="Skeleton3D" parent="Rig_Medium" parent_id_path=PackedInt32Array(866683235) index="0" unique_id=805938943]
bones/1/position = Vector3(0, 0, 0)
bones/1/rotation = Quaternion(0.0019384355, 0.043157674, 8.373957e-05, 0.9990665)
bones/1/scale = Vector3(0.99999994, 1, 0.99999994)
bones/2/rotation = Quaternion(0.0053365217, 1.9455986e-09, 0.00046191725, 0.9999857)
bones/2/scale = Vector3(1.0000001, 1, 1.0000001)
bones/3/rotation = Quaternion(0.00028612363, 5.297965e-09, 2.4766221e-05, 1)
bones/3/scale = Vector3(1, 0.9999999, 1)
bones/4/position = Vector3(0.21200737, 0.13413215, 8.216504e-08)
bones/4/rotation = Quaternion(-0.5361625, -0.110671945, -0.7680652, 0.33220077)
bones/4/scale = Vector3(0.9999993, 0.99999905, 0.9999998)
bones/5/rotation = Quaternion(1.9652557e-08, -6.922769e-08, -0.3672929, 0.9301054)
bones/5/scale = Vector3(1.0000004, 0.9999998, 1)
bones/6/rotation = Quaternion(1.514567e-08, -7.3584383e-09, 0.0266581, 0.99964464)
bones/6/scale = Vector3(1.0000001, 1, 1)
bones/7/rotation = Quaternion(-0.22127889, -0.34475577, 0.18203503, 0.89389175)
bones/7/scale = Vector3(0.99999976, 1.0000001, 1.0000004)
bones/8/position = Vector3(5.138494e-10, 0.096125126, -0.057500005)
bones/8/rotation = Quaternion(0.0010546081, 0.0010546203, -0.70322466, 0.7109662)
bones/8/scale = Vector3(1, 1, 1)
bones/9/position = Vector3(-0.21200736, 0.13413227, 8.62731e-08)
bones/9/rotation = Quaternion(-0.5629227, 0.040795475, 0.7329957, 0.37969857)
bones/9/scale = Vector3(0.9999992, 0.9999988, 0.9999998)
bones/10/rotation = Quaternion(9.748918e-10, 4.7220485e-08, 0.38282472, 0.92382103)
bones/10/scale = Vector3(1.0000004, 0.99999976, 1.0000001)
bones/11/rotation = Quaternion(2.249753e-10, 6.8246844e-09, -0.026658092, 0.99964464)
bones/11/scale = Vector3(0.99999994, 0.99999994, 1)
bones/12/rotation = Quaternion(-0.21162488, 0.38217738, -0.13660431, 0.88909775)
bones/12/scale = Vector3(0.9999995, 0.99999994, 1.0000005)
bones/13/position = Vector3(-1.5415026e-08, 0.096125185, -0.057500005)
bones/13/rotation = Quaternion(0.0010546088, -0.0010546192, 0.70322466, 0.7109662)
bones/13/scale = Vector3(1, 1.0000001, 1.0000001)
bones/14/rotation = Quaternion(-0.006648884, -0.03134105, -0.000366031, 0.99948657)
bones/14/scale = Vector3(0.99999994, 1, 1)
bones/15/position = Vector3(-0.17094508, 0.11358732, 1.557549e-08)
bones/15/rotation = Quaternion(0.99644387, -0.030173404, 0.031285435, 0.072184406)
bones/15/scale = Vector3(0.9999999, 0.99999976, 1.0000008)
bones/16/rotation = Quaternion(0.30443683, -6.189995e-08, 2.1009552e-07, 0.9525326)
bones/16/scale = Vector3(0.99999994, 0.99999976, 0.99999994)
bones/17/rotation = Quaternion(-0.57571155, 0.11429055, -0.01123203, 0.80954796)
bones/17/scale = Vector3(0.99999976, 1.0000006, 0.9999992)
bones/18/rotation = Quaternion(-8.934892e-05, 0.9202217, -0.3913977, 2.0290998e-05)
bones/18/scale = Vector3(1.0000002, 0.9999979, 1.0000024)
bones/19/position = Vector3(0.17094508, 0.1135872, 1.5994095e-08)
bones/19/rotation = Quaternion(0.9911177, 0.05785972, 0.07088885, 0.09650299)
bones/19/scale = Vector3(0.9999999, 0.9999997, 1.0000008)
bones/20/rotation = Quaternion(0.2937197, 6.4899496e-08, -1.9937794e-07, 0.9558916)
bones/20/scale = Vector3(1.0000004, 0.99999994, 1.0000001)
bones/21/rotation = Quaternion(-0.5470731, -0.11346092, 0.044693854, 0.8281547)
bones/21/scale = Vector3(1.0000004, 1.0000007, 0.9999993)
bones/22/rotation = Quaternion(1.9208042e-06, 0.9202393, -0.39135623, -3.6529792e-07)
bones/22/scale = Vector3(1.0000001, 0.9999975, 1.0000027)

[node name="Head" type="BoneAttachment3D" parent="Rig_Medium/Skeleton3D" index="9" unique_id=374486605]
transform = Transform3D(0.9997204, -1.0477379e-09, 0.0236466, 4.3744512e-05, 0.99999815, -0.0018493589, -0.023646578, 0.0018498702, 0.9997187, -4.1331267e-09, 1.2244257, 0.01029407)
bone_name = "head"
bone_idx = 14

[node name="position" type="Node3D" parent="Rig_Medium/Skeleton3D/Head" index="0" unique_id=100655304]
transform = Transform3D(0.999998, -0.0005753672, -0.0017317235, 0.0005757322, 0.99999994, 0.00017812967, 0.0017317235, -0.00017891129, 0.99999845, 0.117776304, -0.668792, -0.44515213)

[node name="RightHand" type="BoneAttachment3D" parent="Rig_Medium/Skeleton3D" index="10" unique_id=1923881665]
transform = Transform3D(-0.5352076, -0.36870483, -0.7600058, -0.08112299, -0.87311834, 0.48070896, -0.8408155, 0.3189331, 0.43739012, -0.45242816, 0.69372773, 0.042375155)
bone_name = "hand.r"
bone_idx = 11

[node name="position" type="Node3D" parent="Rig_Medium/Skeleton3D/RightHand" index="0" unique_id=533992277]
transform = Transform3D(0.34202, -0.93969244, 0, 0.9396922, 0.3420201, 0, 0, 0, 0.9999998, -0.010328874, 0.115413606, 0.033479393)

[node name="LeftArm" type="BoneAttachment3D" parent="Rig_Medium/Skeleton3D" index="11" unique_id=1644259512]
transform = Transform3D(0.9997204, -1.0477379e-09, 0.0236466, 4.3744512e-05, 0.99999815, -0.0018493589, -0.023646578, 0.0018498702, 0.9997187, -4.1331267e-09, 1.2244257, 0.01029407)
bone_name = "lowerarm.l"
bone_idx = 14

[node name="position" type="Node3D" parent="Rig_Medium/Skeleton3D/LeftArm" index="0" unique_id=797223741]
transform = Transform3D(0.9999996, -0.00073592516, 1.138635e-05, 0.0007359229, 0.99951553, -0.031113015, 1.1514872e-05, 0.031113045, 0.99951565, 0.5352409, -0.7899393, -0.026373157)

[node name="LeftHand" type="BoneAttachment3D" parent="Rig_Medium/Skeleton3D" index="12" unique_id=1370743356]
transform = Transform3D(0.26286173, -6.2584877e-07, 0.9648336, -3.427267e-05, -0.99999917, 9.328127e-06, 0.96483296, -3.59416e-05, -0.262862, 0.48094097, 0.6320259, 0.07118049)
bone_name = "hand.l"
bone_idx = 7

[node name="position" type="Node3D" parent="Rig_Medium/Skeleton3D/LeftHand" index="0" unique_id=50979032]

[node name="AnimationPlayer" type="AnimationPlayer" parent="." index="1" unique_id=1403231254]
libraries/ = SubResource("AnimationLibrary_404gc")
libraries/Player = ExtResource("2_gx5pt")

[node name="AnimationTree" type="AnimationTree" parent="." index="2" unique_id=196020689]
tree_root = SubResource("AnimationNodeBlendTree_eb2ou")
anim_player = NodePath("../AnimationPlayer")
